28442754733942017047
73194486304429317441
07711314861248409083
88150693284656590721
20485063590226631636
53674644962919938465
24861718915972481554
62144117776486712361
10521328990628547132
50520659897148940995
94337646046449483206
07862257427997207201
20493752009746211795
31376463339220284938
23316356234020630791
58681122393237105193
25578346406038687413
33010796361967946239
58274855642467506309
87675482776747232969
14291193883561066434
10769551969204463851
65417924044170887209
52587436025395593043
26381506024618741778
24384678248202363528
65161825455074854843
02406086918534337687
41172697280231432582
08949431143578150186
37142170848111153800
98829013691047287135
56962476868257002950
98275414172723009028
60760163541376114111
82971185005849128618
10436166702979004297
44933728738944266236
00803106120810695710
12599604650805407602
83766061924352138368
85248703104656049651
83842259303796381725
90401616288417416085
04015676042153267641
81674510457692291648
54023595541686919394
49351004633086357428
16581012822877391438
13941772054396821122
04955802525979918737
89830510066076083012
58178745035802915285
41892493981121781124
52133377602877272198
71764483072260670917
96731557012821905977
28929044978769831925
77937880174124936539
25294609189936241153
40813227674899230513
00218052309610751218
35454938507373044392
10227312479877612193
92701170646074736104
54456626883047370761
59097210926615466973
72427837116844454251
76573804077644198206
04002290416905753418
38671349456605779637
96219708896181658407
82262116441929889870
57563740756542155625
22999746307995958387
26958684008417938328
83708263009240059688
46889906516728300314
21571734879762172003
96146779208802979447
38408059257276855333
23927538567764256179
23233988460057485003
01055323697936643847
61021616353843545275
89405040647842836575
21024789231954444372
81351222894884730406
67288294603972294532
63282687861887548353
78349049089404336287
89614685747242108962
62742053391595803325
55831114103642962299
60536335418632354503
14106237100650709714
74184027308382856488
78714673438614104705
70910279163563936413
32264345978850538270
38682894521025457878
45725826432096739666
04837818035849516955
71075343593699025710
86792995482408662842
45698018634256376351
58003520527172151168
08222398382956623706
21519542012287042564
26269698493475107739
45336890704367245861
61341865748945426853
41509808105039284679
28928530325193970387
23115679475027154114
17267010025778633705
05973587144572035338
56803622760378822907
32457711112092137781
96645478522408303365
68240661611334453391
99258874187700029747
76553679693304343253
62095106864297317470
83175016303064171116
02081132759059722868
75846152263777297760
61284290057129954699
52402598511554853609
47840019135263110119
07423301924014466857
36436113189255755474
37630337032402576093
37590672241840828455
02548729327618961880
17679824569103160597
86431122916882060928
80437920215452391842
78365491666039235660
98924035217554923105
01362384378548408499
54240333683799698936
67173691098972862902
29611898713682055377
27661506990558959739
51171983849305293497
83643532215163025237
88335259466917606132
31651199678096552948
51994104021532498673
62493886068347694682
64391902859055711111
42755269589787727889
88061823094558606898
01493002235788348684
60553531619391709306
19507278236970538672
63976124990516625220
76987077094935785470
67267984591222300533
51641919124465742014
16666923814854175424
30179876965945148307
88924177351460725574
79441551026795666526
57440223423974921736
62444755367897884792
10777859867747451340
40441885759303559563
63569969932347767271
50789854972150010419
61176202235830528995
74388859566740822221
67700792972768363679
77059535549760012858
44565277711532378410
90355190467035751613
22385223710575678278
35461449452110218603
56684088629050578924
73229652503818234048
28449753249208491480
27980193355963915147
37768580958433436039
14522239648825382413
63472389758971274160
64768827448362199109
02124047395576936050
11635455526669863129
10747122970385330741
30847514304699948075
98370464207102158328
69691546906425044267
01520884022303855668
35896097777449302795
87326919654815140003
84644056708111634732
98675152776810622377
47769354253806523626
33113515936214746403
38752515507460290410
86554313387877967140
97455572591420951929
93012098387798053063
60065379246343213513
72051130673200228630
10599889360220014094
92449963613021672493
32763343263728786969
79122143093690973927
79806860729868939850
67162671815110536982
44902529801223671031
81277760963817280131
57651734316605643692
27359991803207759183
14991971898990683113
18364175758543141787
55618804446224823689
06629380679029947544
68688424674698095345
38434793958152425282
23413738730754755721
00868192376488689285
17888119751121147717
28890431227499242202
08074313213235020877
63625702407647014967
02429757858764365457
32440090461976149868
20078177327765311145
54834038618236179005
12724276488554819540
83417390403059128872
42506748596942139729
85326871031327446394
63562483265830137829
89034123484377334024
60702307159536361822
74387081750587342815
13023384762108189453
32257451697224721066
65293041025269203154
59899397845337733733
28875065368407461740
63999446136379435586
75644270878562434683
31828724787978135970
68785432032673210364
29039380919520335622
58864499531166355292
60633664800874667033
80087280055418852380
97705362814855998824
91529851348216647620
34423256248723172392
45366598677040278159
75421796553331710639
14168073668467299438
24414642109373925393
99345917879579299401
22733567026887033718
27965098408400797746
10995100305315279351
48829146882052858289
95504746349134019244
77272501063622302614
71072281253163706414
02948594851682282638
50215205757862696067
28635136687870867583
85264805119117364319
87166642667341243892
43759818488816137285
86517154654043088797
39104928924432913356
63402245199469861097
82185717756497701016
56704216355406021332
43820884670863404007
07424677579059959510
24757452308175757116
22131789389738292273
37346012657049720333
29263651810481666055
11741609526952933657
94296981059012138154
46210400814736034940
69919634176901651613
36779972737495452127
02387634384992792496
16378138040692340943
88515250888164478610
19675629998345456768
21518737833336643044
53271380398801975310
30069806944647122441
22140819370715442858
67196716173725424923
08419811169717508290
83217886539563767153
75271222565661505069
33040038564603681828
61979341565750161998
78533618905974737530
27527820423520510638
78625740202912047145
30638263287725159873
54397822484353290768
93643530669144466505
13568005732756629346
69700632729552867774
57905313580424800872
14663635601169484301
08405359782958525897
62994734567683974009
19832544534420041277
39490005917623148252
92740063829737599690
54045486359532199740
02990085809077835029
09550660235081576989
15045861803713720585
00194406841685746728
78836742642342389447
21753815944894803814
58620409384402572193
74868060758219626053
50832848203721084461
64525996105732187424
06394254392482424461
86625305433197714646
57810644422783907197
07957588617481248620
47772633928440587058
28674822369540192230
46848411600674007583
83902481812844155838
39701193213162751754
67066787757560751285
87009264938128727343
78545525198753975051
81810085594016076435
36508477875983435384
29890007664473891272
23608468251625778408
27542116010111320587
39866553760845583498
42287636837361868507
01295593004968016850
79185698073004651848
32562115467263302776
72362679098714819464
46416334225417332419
09129147818952426524
21297713290591665967
79855384177861570747
11202329907406029906
13191989266523459698
54640936467023500458
76488795674990761079
24209262803395039236
46304294768050881903
43323164512175402133
52683637019645572536
31200084955859871266
55538818444469812013
81009701877096051429
71298431163820105264
81913683557229159390
65927933020187096175
05484072702695543273
43300691461462429509
40867621227549914778
88324341275161769081
97091966075287108182
14659061007656234462
99820226428396555780
63915208604286097323
05880588065722206622
91744874419431689847
42570973680508734100
03719425831141464578
92135744396896235525
24042041398654393434
65916068233409535742
85916555360956536555
70985180460826599112
33086198230427798399
42485761280181677869
89436142086927350031
99936554450850086197
87179685121160938584
45694166020785710159
95997554649282934121
86755705658109789452
73394004633931589140
20747041578316400508
76457757705569962489
25382503416333088070
76607419629716109899
18648521444127191133
95670573654562180440
77734344365937416829
20243780380307073597
82482767686965324988
10333089716338431452
16266743379480230075
74463517723651179706
18854812379204893278
92833733266968682291
68099347510456643509
17805457460709597508
09305895527179568730
10169357244548424960
71377381532686699956
38991376878444737379
75940666442976930053
61425852493284647171
99127223947220225060
46390000705838148032
72122793316738072962
92230461023919323389
61651805389755167982
90047620203618038408
88460772127306560704
27678563569466111310
27801205710462084421
98635413242281071105
80981420693783280916
59223978957335728356
11368055349418317453
89043576492577159824
00313705615765087351
60151952380720246683
93987325822112712704
49378618716799182961
60745875855635803964
94639167351870132501
62103034981950702009
98501279620157407761
24442669877936186934
01880495432366940427
31542197643506875317
04997906019737520736
46958591417620700632
05297115845576135141
89361460827168095024
09880553032249778866
76169425127140288302
24509501132468449811
63278958553912027349
22489890231317656096
97033859230473900980
87555454201858403694
48144989468559673282
11952272830797466940
67059044785559334117
92791840947345370155
85361148564725340163
67880286632752845942
12785840265629836318
83539534620201876397
62821140817955503164
05682726906407947181
85577899955396927667
25804036656994966438
21803537954530002239
01802399137424802518
59220959585344318332
83610752540721418435
63409982043164070066
24705683829554015769
00003299891898744227
70559675237668806551
50938176251513031248
99089886501587858652
00249439455554888001
58468377847416487815
20621642392970320232
89990011792066486215
96723594060606939327
71764498322953380830
34734604005562923006
62870951958874722419
33569362211708448179
78094528321418075365
17572313614661127130
31419637131462859937
61547658866573662432
77053715642746507274
95625340122160130414
89275726334777272020
31445144770094682023
58681282820418347998
15116975474478540447
79756817747117205269
10340762917676107042
30930269009375997988
12009611220249845108
36896297361749877769
11193422554686149886
72127811702743632205
86369020868239092651
76124531578743641148
76685304330619381122
58253516401379170319
37340893315840152276
02768591917489237491
10291002915060474511
75384144137834768959
50674298185549860621
46202422014360016097
31217966583120053296
18859897159658553308
42929215581768416137
56212981948039731770
16053406480551891339
59597202251154219066
43692781656392996660
68273927110837466040
22963795859656684082
75537688533231724121
93125254924875447151
72531339495133729942
68430646546714790704
61720638216174472150
60477821369291908006
12932901801318832606
29134778162698600404
42467565062578848039
43551736661932527967
98785974954442474770
56185877251243201032
39494983911592286121
36599440589844591335
29162409987127562677
18967918646348097133
76931556191433034391
59397773333357451701
52451029487960999016
58691932171484232545
08367028828203478823
69734286640452225354
10169277421927876705
69878953969961165667
56734252706202428260
61388233595739166469
51865973725377109233
06419822470649663446
94717805937631464754
61502116679649988269
48495269544156803235
62861469677765095538
54175541796821018179
77072071652071143772
23854022811281535272
35520141793220452354
63309472740953159533
09015169831889539423
98628346170138063041
16848439247817054903
54516524588208754778
45392672483587550178
19457145812092262372
71302134309554647011
29518400106556430872
70324556944032430755
59675889909159268529
58094546959453040922
55190356863499576265
79074652305458876845
29811351213059697072
38324104248471247342
27214786862338943984
70980988571521932442
44219205649119937763
52641229019754547251
33304639316904055604
67105805997087625987
56329844540542443783
38124509471887734193
70601724560231369613
02055675792601074801
70325514485781684433
65229453410596138252
25678464441211977523
08546836189066108115
71807975936458600658
48069421646455456085
04704358153784791336
94608025953504307123
70575355382149041609
21854186951043161305
01365131912061246883
88902817001692325045
77397288975764033548
83101458715909320450
16167054765291104196
34039369321798906376
11330689892205111932
00624897706792089359
52860086437968438640
68943153282943042468
62132873431166477861
06194796342909259265
74533856189089742784
35533586262971255919
87702369707307008784
35186651462781577118
01889913823577483074
16240313025001156786
65677278556914620704
16776311831816864971
39054926953689464235
00995384367954663164
79213716383762265091
45589022959052613726
87016200033519191629
96945626740269210598
70446197343577856989
12665410111881731877
90705264640153186752
71491162421700301419
33774522048004104020
44460677458680292892
35101734886813107536
37146120433249610928
81353293991153219388
45144306306423171457
46189750875958138066
04157534020737551915
83182264942105425653
51752346903856815388
51247196711453632691
16042100159871702228
83999195016430960769
03050128644533018553
96262518019993060000
08480368928538364456
92161811602944881449
36123564115135488335
96071703940099652737
63062319123673313936
12976809105226733842
87489810824143920115
03913665093235368521
41733787840884479876
46982924710663028776
59617650140219603828
23260768085657664981
78073270831827433177
04193828190224973791
28889694954517270419
29792447261446492858
94754061558916309833
49986368420581952179
11290389405281710763
30593685434947373678
97765417575474069906
66478916062735245757
11483238526308180000
56546123111827441519
01623675323272022205
41414656053844936252
14902500766419193087
63617057213471384509
16683420632505169349
90724907236548982789
86037664505402744940
52208977657206948120
25801702880923335432
57352846547238787002
04645675114967979746
01117100027821697860
81766285464825923456
57001821326615559688
20198441238647831838
41739337793653254252
15606151764232165389
90675605771139841993
74233969217038113781
58204366898865601169
99661657693863346921
86359670314911851255
35835115753810805603
50302410628646248400
12579357822875173804
95688051040680907901
29590388419100025562
04345444711278418999
89658342193100431558
31756829910819665147
64081163534191667305
00798168554417172440
40941863869056877584
82895971681044758872
59348870943501342413
65718112431092388359
77920646339258297631
86339268059669927198
13108123627362372556
63826784796139792417
22527439395727404939
80636055370530685892
46364961047906530133
45475962246098565324
77902537737129881966
55577686384526382296
69671355029800536262
14336947814504377429
50383451196384508270
14182331686433533708
41883120184582275723
76294603866934168170
82134411706542690570
51974225424516151775
01810410338839296467
65150246046121182365
72722213645774364766
55414831059603479052
90535186684099573382
31134263827296624231
25277573500273372606
15464811856264463150
61012474428462845083
65294576782671478295
42095366222334601663
64338566390804599561
58800414277116080244
66753779382084519527
22651043222575076826
19633299293396364927
47733411850047755613
31979042486476981623
89068480489847328945
89232094220394248032
76552294943685804893
83857879739386893049
75829982312484739060
77647874398622559155
29672691498553576216
00817473871523791839
67808204625262470227
71673740937110108440
49882598048176525872
97578448364087714892
38939148240167203681
36696845619443146025
50885257906093521033
37717121432556553795
94055286459204486558
35481243313466298523
95447932955384891430
72452991058256532698
08471049658415370976
93771165918785794106
72602462861591231390
77231108483221845272
69375476060328118176
35049707608304532802
54032142222097012208
55848378711561421026
14158608966972797987
13405797432628831663
12179466633085875986
25057085989836479232
01524405892534253949
91608605628024549433
03375859123971100208
30937804495874746949
55550308263366061400
56341383685659032296
84268860658701872356
24656034453682809151
00383114806417873434
43367884578574755716
10553246256337906736
10417856331221643547
08499614888158149915
08471236524350956015
56872876632683268240
56074841640264669735
21335293227168812418
30381971322682150943
74981572255306715852
92545502933437010720
09040153518132722048
21398649179449842796
77820778085831329931
26437164464884036822
86095339883454473461
83768953032376576716
78584063069877409410
39013106112677474264
02275025727737631021
94125316646087836674
90626728021223496104
